[58 39 38 44 27 73 39 81 28 23] : 1675274109.5430667
[41 89 53 35 67 92 43 69 59 27] : 1675274111.5456755
[99 83 70 16 69 22 46 72 17 35] : 1675274113.5509589
[24 16 71 88 68 60 20 73 59 34] : 1675274115.55459
[14 27 38 56 40 29 26 99 62 99] : 1675274117.5574732


[90 80 47 31 12 13 84  0 12 18] : 1675274119.5627246
[61 34 48 41 20 90 16 77 57 94] : 1675274121.5681067
[13 25 15  1  8 97 74 14  9 87] : 1675274123.5718086
[14 45  2 14 98 34 79 31  9 36] : 1675274125.574695
[44 60 50 19 39 56 24 52 37 69] : 1675274127.5777285


[22 29 60 24 28 29  6 68 89  6] : 1675274129.5805695
[61 82 99 46 29 16 59  0 47 45] : 1675274131.5835724
[91 25 85 17 34 47  4 59  6 26] : 1675274133.5882182
[62 48 17 30 35 50 91 57 15  8] : 1675274135.591874
[80 79 65 67 21 84 59 74 67 71] : 1675274137.5946074


[56 70 63 18 34 34 88 49 70 64] : 1675274139.597322
[ 8 63 64 89 88 45 93 41 32 20] : 1675274141.5997722
[60 25 20 69 55  4 42 44 52 92] : 1675274143.6028173
[80 44  0 60 80 96 45 81 25 82] : 1675274145.6060026

----------ConnectionClosed----------
[15 97 75 47 35 74 39 21 18 18] : 1675274179.3928218
[83 34 84 12 53 14 19 44 79 50] : 1675274181.395479
[76 24 56 50 32 62 64 89 40 67] : 1675274183.3977723
[77 10 29 68 61 24 10 63 78 87] : 1675274185.4005873
[32 44 67 44 98 34 71 63 76 30] : 1675274187.4029272


[72  9 25 80 14 92 25  9 98 30] : 1675274189.4057636
[77 69 85 22 56 19 80 53 80 14] : 1675274191.4084103
[53 19 73 70 67 84 29 37 11 48] : 1675274193.4104881
[20 39 43 47 90 31 67 87 81  6] : 1675274195.4138021
[99 59 59 45 56 69 46 89 20 23] : 1675274197.4165146


[90 84  1 31 92 84 57  2 69 23] : 1675274199.4179435
[67 53 38 15 42 47 11 65 83 82] : 1675274201.419374
[36 33  0 46 54 62 42 35 44 38] : 1675274203.4228277

----------ConnectionClosed----------
[91 40 27 13 66 39 78 26 48 67] : 1675274259.5570052
[15 30 54 61 63 63 71 41 27 12] : 1675274261.5604193
[28 88 92 64 91 57 67 96 56 18] : 1675274263.5650072
[98 64 68 46  0 93 96 18 54 15] : 1675274265.5686247
[84 74 74 41 32 80 78 97 33 13] : 1675274267.5704703


[ 3  4 62 63 23 94 96 52 19 79] : 1675274269.5751982
[46 92 10 40 81 86 39  9  1 80] : 1675274271.5786393
[93 49 50 90 79 75 77 36 63  3] : 1675274273.5819862
[50 87 74 87 20 71 13 87 86 16] : 1675274275.58587
[13 43 65 60 51 77 26 87  4 21] : 1675274277.590113


[68 86 20  8 27 53 80 74 36 74] : 1675274279.5925488
[ 3 53 66 25 12 54 91 44 46  1] : 1675274281.5966697
[39 25 80  8 26 34 69 58 10 77] : 1675274283.598818
[86 73 95 38 17 83 64 49  6 80] : 1675274285.601946
[86 35  3 41 79 22 76 64 17 22] : 1675274287.6048012


[59 44 28 67 78 12 22 85 59 41] : 1675274289.60816
[20 43 50 31 66  5 81 14 84 46] : 1675274291.6107507
[72 50 70 29 20 72 20 93 33 57] : 1675274293.6139946
[37 36 47 42 27 15  0 94 77 28] : 1675274295.6166027
[91 30 28 82 67 62 62 71 96 61] : 1675274297.619424


[83 99 35  6 89 23 15 50 80 11] : 1675274299.6206524
[64  5  0 69 74 92 58 22 47 32] : 1675274301.6251123
[75 86 21  1  4 53 23 56 77 55] : 1675274303.6293156
[98 63 93 24 37 25 45 96 51 50] : 1675274305.6314085
[ 9 65 68 69 43 74  1 60 78 69] : 1675274307.6340418


[96 16 10 55 94 43 38 71 57 50] : 1675274309.6374
[27 68 54 77 80  2 72 44 78 89] : 1675274311.639838
[84 94 67 36 77 95  9  0 66  5] : 1675274313.6438515
[45 73 75 57 29 83 75 26 23 75] : 1675274315.647648
[28 71 16 23  9 29 17 12 85 31] : 1675274317.6515522


[62 39 29 27  0 34 20 25 12 32] : 1675274319.6545126
[83 99  4 84 29 10 15  0 31 43] : 1675274321.6579242
[48 73 30 33  4 91 96 68 24 59] : 1675274323.6617725
[54 85 60 86 44 56  3 84 97 56] : 1675274325.6642241
[99 58 18 79 61 56 17  2 51 26] : 1675274327.668304


[70 83 58 14 29  8 27 99 29 81] : 1675274329.671921
[36 99 29 95 27 82 58 34 47 46] : 1675274331.6750925
[52 75 74 91  6 61 11 32 25 38] : 1675274333.6788316
[11 53 46 34 79 65  7 37  0 71] : 1675274335.6828766
[32 44  9 84 90 50 55 14 84 38] : 1675274337.6854448


[27 57 40 68 34 52 92 41  0 80] : 1675274339.6864247
[ 1 21 39 62 80 46 92  4 52  7] : 1675274341.6894114
[54 68 28 42 79 33 82 30 39 28] : 1675274343.6924272
[17 22 30 44 39 59 55 61  0 25] : 1675274345.6949716
[30 76 58 24 40 99  1 16 74 40] : 1675274347.699132


[ 3 10 23  3 84 54 82 91 35 78] : 1675274349.7017324
[35 62  0 65 47 34 85 79 28 38] : 1675274351.704312
[30  9 69 11 32 76 33 91 57 62] : 1675274353.708208
[89 56 13 53 91 52  4 89  5 92] : 1675274355.7107692
[50 94 81 46 29 82 54 58  5 87] : 1675274357.7148685


[20  0 96 69 38 56 61 26 84 19] : 1675274359.7173104
[61 41  4 99 39 30 21 31 32 17] : 1675274361.7213938
[16 51 51 23 29 36 70 67 22 86] : 1675274363.7235897
[ 2 82 80 85 88  7 90 36 39  4] : 1675274365.7264657
[73 77 88 17 61 88 12 63 18 46] : 1675274367.728929


[50 54 35 59 67 87 93 12 25 92] : 1675274369.7332578
[69 60 81 34 28 43 80 88 66 80] : 1675274371.7353766
[52 68 21  6 22 18 88 47 53 15] : 1675274373.7392612
