[68 64 75 69 93 36 82  6  9 47] : 1675274108.0165803
[63 23 29 74 67 58 54 50 50 36] : 1675274110.0193634
[ 0 15  2 58 31 20 79 44  5 63] : 1675274112.0236037
[93 25  8 81 60 43 19 51 38  1] : 1675274114.0274906
[31 11 85 10 55 73 17 13 76 40] : 1675274116.029967


[77 78 20  8  5  4 69 58 60 80] : 1675274118.0326464
[98 54 79 71 79 26 57 86 93 18] : 1675274120.036445
[48 80 97 49 43  9 18 85 12 12] : 1675274122.0381024
[71 67 51 82 68  0 42 87 28 33] : 1675274124.041044
[84 74 11 98  1 83 86 85 32 30] : 1675274126.0422153


[83 44 99 77 36 44 88 67  3 32] : 1675274128.0458927
[82 37 42 19 98 44 70 13 60 86] : 1675274130.048348
[31  0 96 29 12 71 77 49 71 83] : 1675274132.0508244
[81 17 73 96 75 75 53 69 10 95] : 1675274134.0520816
[52 33 92 14 63 38 58 40 41 78] : 1675274136.0550888


[45 90 39 12 66 89 79 13 78 62] : 1675274138.059122
[ 6 54 96  9 79 38 32 17 75 62] : 1675274140.0588675
[52 67 92 35 87 37 40  5  9 62] : 1675274142.0596833
[80 51 72 87 39 11 14 84 80 45] : 1675274144.0606737

----------ConnectionClosed----------
[85 16 14  2 43 12 60 76 15 85] : 1675274176.8943512
[28 55 97 64 72 15 53 66 50 96] : 1675274178.8986173
[40 84 14  1 88 36 60 61 61 69] : 1675274180.9027412
[72 34 36 63 29 85 56 18 13 13] : 1675274182.9064062
[49 81 34 69 91 88 66 79  2 36] : 1675274184.9095945


[51 40 61 92 19 65 91 95 34 63] : 1675274186.9112346
[ 7 91  4 28  9 82 19 85 43 71] : 1675274188.9154983
[58 58 14 82 20 86 35  2  9 62] : 1675274190.9190748
[ 4 15 91 35 16 99 82 29 90 91] : 1675274192.92338
[ 6  6 35 96 97 84 75 96 78 76] : 1675274194.9261377


[76 92  3 47 37 16  4  5  6 45] : 1675274196.9278789
[22 74 93 87 26 65  6 95 62 38] : 1675274198.9319062
[66 87  4 54 18 39 85 29 22  4] : 1675274200.935281
[45 16 47 44 81 88 59 58 81 21] : 1675274202.9391906
[69 17 55 85 11 16 68 35 78 67] : 1675274204.9434123



----------ConnectionClosed----------
[24 53  9  4 33 87 98 71 64 71] : 1675274255.94974
[34 31 67 38 12 11 91 34 34  9] : 1675274257.9529753
[11 61 59 60 82 61 95 99 18 90] : 1675274259.9560027
[ 3 38 45 90 26 43 56 20 21 15] : 1675274261.9581418
[15 90 80 93 64  7 79 52 73 19] : 1675274263.959046


[ 2 98 99 26 75 92 87 55 51 47] : 1675274265.9616492
[98 18 86  1 62 40 96 55 66 41] : 1675274267.9646487
[60 86 73 50 74 16 70 98 23 34] : 1675274269.9672222
[64 59 61 99 51 51 19 85 54 72] : 1675274271.968693
[83 55 38 85 78 20 28 82 73 34] : 1675274273.9711993


